1   105.33   65.49   60.38
2    99.10   60.89   55.80
3   104.18   60.84   52.66
4   105.07   61.34   53.76
5    80.33   57.40   50.06
6   90.21   57.19   50.57
7   91.85   53.66   45.56
8   92.04   52.94   45.47
9   92.66   51.64   45.20
10   89.79   50.05   43.79
11   91.24   48.52   42.84
12   91.26   48.43   41.91
13   92.39   46.44   40.36
14   90.62   45.09   38.62
15   93.74   46.50   38.48
16   94.25   46.23   38.61
17   93.36   44.60   36.75
18   94.40   44.24   35.69
19   92.59   45.54   28.05